<?xml version="1.0" encoding="UTF-8" standalone="no"?>
<!-- Created with Inkscape (http://www.inkscape.org/) -->

<svg
   xmlns:dc="http://purl.org/dc/elements/1.1/"
   xmlns:cc="http://creativecommons.org/ns#"
   xmlns:rdf="http://www.w3.org/1999/02/22-rdf-syntax-ns#"
   xmlns:svg="http://www.w3.org/2000/svg"
   xmlns="http://www.w3.org/2000/svg"
   xmlns:sodipodi="http://sodipodi.sourceforge.net/DTD/sodipodi-0.dtd"
   xmlns:inkscape="http://www.inkscape.org/namespaces/inkscape"
   inkscape:version="0.92.2 5c3e80d, 2017-08-06"
   version="1.1"
   id="svg2"
   viewBox="0 0 744.09448819 1052.3622047"
   height="297mm"
   width="210mm"
   sodipodi:docname="gunnlogo.svg">
  <sodipodi:namedview
     inkscape:window-maximized="1"
     inkscape:window-y="1"
     inkscape:window-x="0"
     inkscape:window-height="991"
     inkscape:window-width="1920"
     inkscape:guide-bbox="true"
     showguides="true"
     inkscape:object-nodes="true"
     inkscape:object-paths="true"
     inkscape:snap-intersection-paths="true"
     inkscape:snap-smooth-nodes="true"
     inkscape:snap-midpoints="true"
     showgrid="false"
     inkscape:current-layer="layer1"
     inkscape:document-units="px"
     inkscape:cy="419.60867"
     inkscape:cx="708.34945"
     inkscape:zoom="0.5"
     inkscape:pageshadow="2"
     inkscape:pageopacity="0.0"
     borderopacity="1.0"
     bordercolor="#666666"
     pagecolor="#ffffff"
     id="base"
     inkscape:snap-nodes="false" />
  <defs
     id="defs4">
    <inkscape:perspective
       sodipodi:type="inkscape:persp3d"
       inkscape:vp_x="0 : 526.1811 : 1"
       inkscape:vp_y="0 : 1000 : 0"
       inkscape:vp_z="744.09449 : 526.1811 : 1"
       inkscape:persp3d-origin="372.04724 : 350.7874 : 1"
       id="perspective5194" />
    <meshgradient
       inkscape:collect="always"
       id="meshgradient5253"
       gradientUnits="userSpaceOnUse"
       x="825.21218"
       y="1433.4626">
      <meshrow
         id="meshrow5265">
        <meshpatch
           id="meshpatch5263">
          <stop
             id="stop5255"
             style="stop-color:#f4df88;stop-opacity:1"
             path="c 37.0998,-37.0998  97.2505,-37.0998  134.35,0" />
          <stop
             id="stop5257"
             style="stop-color:#f4df88;stop-opacity:1"
             path="c 37.0998,37.0998  37.0998,97.2505  0,134.35" />
          <stop
             id="stop5259"
             style="stop-color:#e5bf5a;stop-opacity:1"
             path="c -37.0998,37.0998  -97.2505,37.0998  -134.35,0" />
          <stop
             id="stop5261"
             style="stop-color:#e3c15d;stop-opacity:1"
             path="c -37.0998,-37.0998  -37.0998,-97.2505  0,-134.35" />
        </meshpatch>
      </meshrow>
    </meshgradient>
  </defs>
  <metadata
     id="metadata7">
    <rdf:RDF>
      <cc:Work
         rdf:about="">
        <dc:format>image/svg+xml</dc:format>
        <dc:type
           rdf:resource="http://purl.org/dc/dcmitype/StillImage" />
        <dc:title></dc:title>
      </cc:Work>
    </rdf:RDF>
  </metadata>
  <g
     id="layer1"
     inkscape:groupmode="layer"
     inkscape:label="Layer 1">
    <path
       style="opacity:1;fill:#ff594c;fill-opacity:1;stroke:none;stroke-width:5.66889954;stroke-linecap:round;stroke-linejoin:round;stroke-miterlimit:4;stroke-dasharray:none;stroke-dashoffset:0;stroke-opacity:1"
       d="M 396.73884,612.30876 V 433.23494 a 73.567766,74.005736 0 0 1 0.19571,-5.19359 73.567766,74.005736 0 0 1 0.9018,-7.34169 73.567766,74.005736 0 0 1 1.625,-7.21339 73.567766,74.005736 0 0 1 2.33392,-7.01501 73.567766,74.005736 0 0 1 3.01882,-6.74695 73.567766,74.005736 0 0 1 3.67257,-6.40881 73.567766,74.005736 0 0 1 4.28936,-6.00798 73.567766,74.005736 0 0 1 4.86503,-5.54734 73.567766,74.005736 0 0 1 5.39252,-5.03092 73.567766,74.005736 0 0 1 5.86327,-4.46326 73.567766,74.005736 0 0 1 6.27737,-3.85407 73.567766,74.005736 0 0 1 6.62752,-3.20229 73.567766,74.005736 0 0 1 6.91409,-2.52193 73.567766,74.005736 0 0 1 7.1295,-1.81585 73.567766,74.005736 0 0 1 7.27263,-1.08974 73.567766,74.005736 0 0 1 7.18914,-0.34661 73.567766,74.005736 0 0 1 7.18906,0.34661 73.567766,74.005736 0 0 1 7.27137,1.08974 73.567766,74.005736 0 0 1 7.1295,1.81585 73.567766,74.005736 0 0 1 6.91543,2.52193 73.567766,74.005736 0 0 1 6.6261,3.20229 73.567766,74.005736 0 0 1 6.27737,3.85407 73.567766,74.005736 0 0 1 5.86327,4.46326 73.567766,74.005736 0 0 1 5.39252,5.03092 73.567766,74.005736 0 0 1 4.86645,5.54734 73.567766,74.005736 0 0 1 4.28928,6.00798 73.567766,74.005736 0 0 1 3.67257,6.40881 73.567766,74.005736 0 0 1 3.01889,6.74695 73.567766,74.005736 0 0 1 2.33392,7.01501 73.567766,74.005736 0 0 1 1.62492,7.21339 73.567766,74.005736 0 0 1 0.90047,7.34169 73.567766,74.005736 0 0 1 0.19571,5.19359 v -73.80649 0 252.88031 z"
       id="rect5201"
       inkscape:connector-curvature="0" />
    <path
       inkscape:connector-curvature="0"
       id="path5226"
       d="M 593.47483,612.30876 V 433.23494 a 73.567766,74.005736 0 0 1 0.19571,-5.19359 73.567766,74.005736 0 0 1 0.9018,-7.34169 73.567766,74.005736 0 0 1 1.625,-7.21339 73.567766,74.005736 0 0 1 2.33391,-7.01501 73.567766,74.005736 0 0 1 3.01882,-6.74695 73.567766,74.005736 0 0 1 3.67257,-6.40881 73.567766,74.005736 0 0 1 4.28936,-6.00798 73.567766,74.005736 0 0 1 4.86503,-5.54734 73.567766,74.005736 0 0 1 5.39252,-5.03092 73.567766,74.005736 0 0 1 5.86328,-4.46326 73.567766,74.005736 0 0 1 6.27737,-3.85407 73.567766,74.005736 0 0 1 6.62751,-3.20229 73.567766,74.005736 0 0 1 6.91409,-2.52193 73.567766,74.005736 0 0 1 7.1295,-1.81585 73.567766,74.005736 0 0 1 7.27263,-1.08974 73.567766,74.005736 0 0 1 7.18914,-0.34661 73.567766,74.005736 0 0 1 7.18906,0.34661 73.567766,74.005736 0 0 1 7.27138,1.08974 73.567766,74.005736 0 0 1 7.12949,1.81585 73.567766,74.005736 0 0 1 6.91543,2.52193 73.567766,74.005736 0 0 1 6.6261,3.20229 73.567766,74.005736 0 0 1 6.27737,3.85407 73.567766,74.005736 0 0 1 5.86328,4.46326 73.567766,74.005736 0 0 1 5.39252,5.03092 73.567766,74.005736 0 0 1 4.86644,5.54734 73.567766,74.005736 0 0 1 4.28928,6.00798 73.567766,74.005736 0 0 1 3.67257,6.40881 73.567766,74.005736 0 0 1 3.0189,6.74695 73.567766,74.005736 0 0 1 2.33391,7.01501 73.567766,74.005736 0 0 1 1.62492,7.21339 73.567766,74.005736 0 0 1 0.90047,7.34169 73.567766,74.005736 0 0 1 0.19571,5.19359 v -73.80649 0 252.88031 z"
       style="opacity:1;fill:#ff594c;fill-opacity:1;stroke:none;stroke-width:5.66889954;stroke-linecap:round;stroke-linejoin:round;stroke-miterlimit:4;stroke-dasharray:none;stroke-dashoffset:0;stroke-opacity:1" />
    <path
       style="opacity:1;fill:#ff594c;fill-opacity:1;stroke:none;stroke-width:5.64686537;stroke-linecap:round;stroke-linejoin:round;stroke-miterlimit:4;stroke-dasharray:none;stroke-dashoffset:0;stroke-opacity:1"
       d="m 347.13791,361.39049 v 177.68448 a 73.567766,73.431541 0 0 1 -0.19571,5.15325 73.567766,73.431541 0 0 1 -0.9018,7.28472 73.567766,73.431541 0 0 1 -1.625,7.15744 73.567766,73.431541 0 0 1 -2.33391,6.96054 73.567766,73.431541 0 0 1 -3.01882,6.69461 73.567766,73.431541 0 0 1 -3.67257,6.35914 73.567766,73.431541 0 0 1 -4.28936,5.96128 73.567766,73.431541 0 0 1 -4.86503,5.50435 73.567766,73.431541 0 0 1 -5.39252,4.99192 73.567766,73.431541 0 0 1 -5.86328,4.42857 73.567766,73.431541 0 0 1 -6.27737,3.82417 73.567766,73.431541 0 0 1 -6.62751,3.17749 73.567766,73.431541 0 0 1 -6.9141,2.50232 73.567766,73.431541 0 0 1 -7.12949,1.8018 73.567766,73.431541 0 0 1 -7.27264,1.08126 73.567766,73.431541 0 0 1 -7.18913,0.34395 73.567766,73.431541 0 0 1 -7.18906,-0.34395 73.567766,73.431541 0 0 1 -7.27138,-1.08126 73.567766,73.431541 0 0 1 -7.1295,-1.8018 73.567766,73.431541 0 0 1 -6.91542,-2.50232 73.567766,73.431541 0 0 1 -6.6261,-3.17749 73.567766,73.431541 0 0 1 -6.27737,-3.82417 73.567766,73.431541 0 0 1 -5.86328,-4.42857 73.567766,73.431541 0 0 1 -5.39252,-4.99192 73.567766,73.431541 0 0 1 -4.86644,-5.50435 73.567766,73.431541 0 0 1 -4.28928,-5.96128 73.567766,73.431541 0 0 1 -3.67257,-6.35914 73.567766,73.431541 0 0 1 -3.0189,-6.69461 73.567766,73.431541 0 0 1 -2.33392,-6.96054 73.567766,73.431541 0 0 1 -1.62492,-7.15744 73.567766,73.431541 0 0 1 -0.90046,-7.28472 73.567766,73.431541 0 0 1 -0.19571,-5.15325 v 73.23379 0 -250.91827 z"
       id="path5228"
       inkscape:connector-curvature="0" />
    <g
       id="g5462"
       transform="matrix(0.78472038,0,0,0.78472038,125.59715,72.963567)">
      <path
         style="opacity:1;fill:#ff594c;fill-opacity:1;stroke:none;stroke-width:7.8421011;stroke-linecap:round;stroke-linejoin:round;stroke-miterlimit:4;stroke-dasharray:none;stroke-dashoffset:0;stroke-opacity:1"
         id="path5232"
         sodipodi:type="arc"
         sodipodi:cx="-62.140343"
         sodipodi:cy="593.62317"
         sodipodi:rx="93.75"
         sodipodi:ry="92.504066"
         sodipodi:start="6.2816145"
         sodipodi:end="3.1415927"
         d="m 31.609542,593.47786 a 93.75,92.504066 0 0 1 -46.789889,80.2077 93.75,92.504066 0 0 1 -93.792483,0.0727 93.75,92.504066 0 0 1 -46.91751,-80.13509 l 93.749997,10e-6 z" />
      <g
         id="g5251"
         transform="matrix(0.98684034,0,0,0.98684211,-942.78449,-1020.7706)">
        <path
           sodipodi:open="true"
           d="m 987.38721,1500.4885 a 95,95 0 0 1 -94.7976,95.149 95,95 0 0 1 -95.20194,-94.7445 95,95 0 0 1 94.69126,-95.2548 95,95 0 0 1 95.30771,94.638"
           sodipodi:end="6.2793805"
           sodipodi:start="6.2816145"
           sodipodi:ry="95"
           sodipodi:rx="95"
           sodipodi:cy="1500.6377"
           sodipodi:cx="892.38733"
           sodipodi:type="arc"
           id="path5236"
           style="opacity:1;fill:url(#meshgradient5253);fill-opacity:1;stroke:none;stroke-width:8;stroke-linecap:round;stroke-linejoin:round;stroke-miterlimit:4;stroke-dasharray:none;stroke-dashoffset:0;stroke-opacity:1" />
        <path
           inkscape:connector-curvature="0"
           style="opacity:1;fill:#dfbc4d;fill-opacity:1;stroke:none;stroke-width:6.34396696;stroke-linecap:round;stroke-linejoin:round;stroke-miterlimit:4;stroke-dasharray:none;stroke-dashoffset:0;stroke-opacity:1"
           d="m 824.89977,1433.8721 a 94.999997,94.999997 0 0 0 -12.95833,16.4466 c 1.24643,0.6799 2.67713,1.0656 4.20223,1.0656 h 10.6458 c 2.3778,0 4.292,1.9142 4.292,4.292 0,2.3779 -1.9142,4.292 -4.292,4.292 h 22.1466 c -2.3778,0 -4.292,-1.9141 -4.292,-4.292 0,-2.3778 1.9142,-4.292 4.292,-4.292 h 17.3419 c 4.8511,0 8.758,-3.9049 8.758,-8.7561 0,-4.8511 -3.9069,-8.7561 -8.758,-8.7561 z m -18.23729,26.0981 a 94.999997,94.999997 0 0 0 -7.52925,22.6959 c 0.17118,0.01 0.33947,0.026 0.51262,0.026 h 30.91382 c -0.1145,0 -0.2261,0.011 -0.3388,0.016 3.3012,0.1758 5.9088,2.8827 5.9088,6.2292 0,3.3466 -2.6076,6.0553 -5.9088,6.2311 0.1127,0.01 0.2243,0.016 0.3388,0.016 h 0.3002 c -4.423,0 -7.9834,3.5604 -7.9834,7.9834 0,4.423 3.5604,7.9852 7.9834,7.9852 h 6.6156 c -0.024,0 -0.049,0 -0.073,0 v 0 c 2.282,0.059 4.1033,1.911 4.1033,4.2078 0,2.2968 -1.8213,4.1486 -4.1033,4.2078 0.036,8e-4 0.071,0.01 0.1099,0.01 h -18.8508 c -3.563,0 -6.43062,2.8676 -6.43062,6.4306 0,3.563 2.86762,6.4325 6.43062,6.4325 h 47.9041 c 3.5629,0 6.4307,-2.8695 6.4307,-6.4325 0,-3.563 -2.8678,-6.4306 -6.4307,-6.4306 h -3.327 c 0.075,0 0.1476,-0.01 0.2215,-0.011 -2.2297,-0.1155 -3.9917,-1.9429 -3.9917,-4.2023 0,-2.2594 1.762,-4.0887 3.9917,-4.2041 -0.062,0 -0.1228,-0.01 -0.185,-0.01 h 47.4225 c 4.4231,0 7.9834,-3.5622 7.9834,-7.9852 0,-4.4231 -3.5603,-7.9834 -7.9834,-7.9834 h -54.7027 c -3.4611,0 -6.2475,-2.7867 -6.2475,-6.2476 0,-3.4609 2.7864,-6.2457 6.2475,-6.2457 h 9.8401 c 6.2939,0 11.3599,-5.0679 11.3599,-11.3617 0,-6.2939 -5.066,-11.3599 -11.3599,-11.3599 z"
           id="path5238" />
        <path
           inkscape:connector-curvature="0"
           style="opacity:1;fill:#dfbc4d;fill-opacity:1;stroke:none;stroke-width:8;stroke-linecap:round;stroke-linejoin:round;stroke-miterlimit:4;stroke-dasharray:none;stroke-dashoffset:0;stroke-opacity:1"
           d="m 906.44217,1427.5001 c -5.4893,0 -9.9078,4.4184 -9.9078,9.9078 0,5.4894 4.4185,9.9078 9.9078,9.9078 h 11.6565 c -0.1065,0 -0.2104,0.01 -0.315,0.016 2.2057,0.1608 3.935,1.9854 3.935,4.2334 0,2.248 -1.7293,4.0745 -3.935,4.2353 0.1046,0.01 0.2085,0.015 0.315,0.015 h -11.651 c -3.5735,0 -6.4508,2.8773 -6.4508,6.4508 0,3.5735 2.8773,6.4508 6.4508,6.4508 h 49.1162 c 3.5735,0 6.449,-2.8773 6.449,-6.4508 -10e-5,-3.5735 -2.8755,-6.4508 -6.449,-6.4508 h -17.7667 c -2.3544,0 -4.2499,-1.8955 -4.2499,-4.2499 0,-2.3544 1.8955,-4.2499 4.2499,-4.2499 h -0.802 c 5.4893,0 9.9078,-4.4185 9.9078,-9.9078 0,-5.4894 -4.4185,-9.9079 -9.9078,-9.9079 z"
           id="path5240" />
        <path
           inkscape:connector-curvature="0"
           style="opacity:1;fill:#dfbc4d;fill-opacity:1;stroke:none;stroke-width:4.55485296;stroke-linecap:round;stroke-linejoin:round;stroke-miterlimit:4;stroke-dasharray:none;stroke-dashoffset:0;stroke-opacity:1"
           d="m 834.46337,1556.3038 c -5.3529,0 -9.6624,4.3095 -9.6624,9.6625 0,0.5168 0.053,1.0198 0.1299,1.5142 a 94.999997,94.999997 0 0 0 9.3,8.1354 c 0.078,0 0.154,0.011 0.2325,0.011 h 15.901 c -0.1361,0 -0.2682,0.01 -0.4011,0.022 2.2634,0.2021 4.0265,2.0897 4.0265,4.4074 0,2.3177 -1.7631,4.2052 -4.0265,4.4073 0.1328,0.012 0.265,0.02 0.4011,0.02 h 16.9097 c 0.1526,0 0.3037,-0.01 0.4523,-0.022 -2.2387,-0.226 -3.9752,-2.1054 -3.9753,-4.4055 0,-2.3001 1.7366,-4.1795 3.9753,-4.4055 -0.1486,-0.015 -0.2997,-0.024 -0.4523,-0.024 h 5.0336 c 5.3529,0 9.6606,-4.3078 9.6606,-9.6607 0,-5.3529 -4.3077,-9.6624 -9.6606,-9.6624 z m 13.3484,28.1817 a 94.999997,94.999997 0 0 0 29.7235,9.8676 c 0.999,-1.0466 1.615,-2.4623 1.615,-4.0302 0,-3.234 -2.6034,-5.8374 -5.8374,-5.8374 z"
           id="path5242" />
        <path
           inkscape:connector-curvature="0"
           style="opacity:1;fill:#dfbc4d;fill-opacity:1;stroke:none;stroke-width:7.5;stroke-linecap:round;stroke-linejoin:round;stroke-miterlimit:4;stroke-dasharray:none;stroke-dashoffset:0;stroke-opacity:1"
           d="m 955.83117,1491.695 c -5.3236,0 -9.6093,4.2858 -9.6093,9.6094 0,5.3236 4.2857,9.6094 9.6093,9.6094 h 30.9558 a 94.999997,94.999997 0 0 0 0.6007,-10.4261 v -0.2124 a 94.999997,94.999997 0 0 0 -0.4963,-8.5803 z"
           id="path5245" />
        <path
           inkscape:connector-curvature="0"
           style="opacity:1;fill:#dfbc4d;fill-opacity:1;stroke:none;stroke-width:8;stroke-linecap:round;stroke-linejoin:round;stroke-miterlimit:4;stroke-dasharray:none;stroke-dashoffset:0;stroke-opacity:1"
           d="m 927.11477,1526.6627 c -6.4944,0 -11.7224,5.228 -11.7224,11.7224 0,6.4944 5.228,11.7224 11.7224,11.7224 h -1.9886 c -0.025,0 -0.05,0 -0.075,0.01 3.4047,0.041 6.1359,2.7906 6.1359,6.2054 0,3.4148 -2.7312,6.1662 -6.1359,6.2073 0.025,3e-4 0.05,0 0.075,0 h -19.6526 c -3.4971,0 -6.3117,2.8147 -6.3117,6.3116 0,3.497 2.8146,6.3117 6.3117,6.3117 h 37.8735 c 3.497,0 6.3116,-2.8147 6.3116,-6.3117 0,-3.4969 -2.8146,-6.3116 -6.3116,-6.3116 h -0.672 c 0.4059,0 0.8027,-0.042 1.1865,-0.1154 -2.8687,-0.5511 -5.0226,-3.0613 -5.0226,-6.0955 0,-3.0343 2.1539,-5.5445 5.0226,-6.0956 -0.3838,-0.074 -0.7806,-0.1154 -1.1865,-0.1154 h 7.8863 c 6.4945,0 11.7224,-5.228 11.7224,-11.7224 0,-6.4944 -5.2279,-11.7224 -11.7224,-11.7224 z"
           id="path5247" />
        <path
           d="m -1405.6378,892.2381 a 95,95 0 0 1 -47.4138,82.37186 95,95 0 0 1 -95.043,0.0746 95,95 0 0 1 -47.5431,-82.29728"
           sodipodi:end="3.1415927"
           sodipodi:start="6.2816145"
           sodipodi:ry="95"
           sodipodi:rx="95"
           sodipodi:cy="892.38733"
           sodipodi:cx="-1500.6377"
           sodipodi:type="arc"
           id="path5249"
           style="opacity:0.075;fill:#000000;fill-opacity:1;stroke:none;stroke-width:8;stroke-linecap:round;stroke-linejoin:round;stroke-miterlimit:4;stroke-dasharray:none;stroke-dashoffset:0;stroke-opacity:1"
           sodipodi:open="true"
           transform="rotate(-90)" />
      </g>
    </g>
  </g>
</svg>
